(0 667 233 31 -1)
(0 346 279 31 -1)
(0 724 270 31 -1)
(0 602 635 31 -1)
(0 798 911 31 -1)
(0 322 909 40 -1)
(0 501 723 31 -1)
(0 843 308 31 -1)
(0 960 754 31 -1)
(0 797 984 31 -1)
(0 340 7 31 -1)
(0 496 472 31 -1)
(0 223 142 31 -1)
(0 463 228 31 -1)
(0 163 113 31 -1)
(0 651 82 31 -1)
(0 353 627 40 -1)
(0 660 874 31 -1)
(0 810 46 40 -1)
(0 20 805 31 -1)
(0 620 643 31 -1)
(0 2 283 31 -1)
(0 819 212 40 -1)
(0 651 987 40 -1)
(0 435 740 31 -1)
(0 834 823 31 -1)
(0 920 820 31 -1)
(0 733 70 31 -1)
(0 512 921 31 -1)
(0 497 511 40 -1)
(0 729 533 31 -1)
(0 34 434 31 -1)
(0 395 765 31 -1)
(0 629 441 31 -1)
(0 217 802 31 -1)
(0 242 567 31 -1)
(0 777 894 31 -1)
(0 562 401 31 -1)
(0 555 945 31 -1)
(0 298 916 31 -1)
(0 541 931 31 -1)
(0 922 863 31 -1)
(0 663 998 40 -1)
(0 181 205 40 -1)
(0 482 495 40 -1)
(0 112 452 31 -1)
(0 256 708 31 -1)
(0 139 930 31 -1)
(0 558 904 31 -1)
(0 616 47 40 -1)
(0 307 910 40 -1)
(0 1 902 31 -1)
(0 227 708 31 -1)
(0 423 206 31 -1)
(0 491 648 40 -1)
(0 173 657 40 -1)
(0 304 462 40 -1)
(0 380 379 40 -1)
(0 339 382 40 -1)
(0 951 93 40 -1)
(0 497 939 40 -1)
(0 729 17 31 -1)
(0 710 80 40 -1)
(0 395 985 31 -1)
(0 302 758 31 -1)
(0 774 974 31 -1)
(0 696 168 31 -1)
(0 925 451 40 -1)
(0 965 363 40 -1)
(0 836 201 40 -1)
(0 919 673 31 -1)
(0 917 711 31 -1)
(0 897 795 31 -1)
(0 16 582 31 -1)
(0 765 253 31 -1)
(0 187 643 31 -1)
(0 991 807 31 -1)
(0 280 36 31 -1)
(0 965 856 31 -1)
(0 839 563 40 -1)
(0 39 617 31 -1)
(0 658 264 40 -1)
(0 415 330 40 -1)
(0 127 231 31 -1)
(0 714 664 31 -1)
(0 465 421 40 -1)
(0 519 116 31 -1)
(0 169 911 31 -1)
(0 380 16 31 -1)
(0 611 890 31 -1)
(0 845 84 31 -1)
(0 308 566 31 -1)
(0 6 421 31 -1)
(0 915 125 40 -1)
(0 842 844 31 -1)
(0 434 738 31 -1)
(0 463 287 31 -1)
(0 309 417 31 -1)
(0 635 692 31 -1)
(0 372 828 40 -1)
(0 725 370 31 -1)
(0 549 44 40 -1)
(0 882 86 31 -1)
(0 2 786 31 -1)
(0 118 395 31 -1)
(0 333 645 31 -1)
(0 298 533 31 -1)
(0 711 973 31 -1)
(0 383 653 31 -1)
(0 876 71 31 -1)
(0 759 715 31 -1)
(0 291 670 31 -1)
(0 31 158 31 -1)
(0 965 289 40 -1)
(0 689 58 40 -1)
(0 239 412 31 -1)
(0 67 428 31 -1)
(0 568 836 40 -1)
(0 233 633 31 -1)
(0 853 331 31 -1)
(0 328 595 31 -1)
(0 338 593 31 -1)
(0 837 304 31 -1)
(0 698 150 40 -1)
(0 353 345 31 -1)
(0 227 102 31 -1)
(0 940 547 40 -1)
(0 882 281 40 -1)
(0 47 15 31 -1)
(0 433 263 31 -1)
(0 891 562 31 -1)
(0 736 8 31 -1)
(0 553 807 31 -1)
(0 344 616 40 -1)
(0 332 14 31 -1)
(0 807 713 31 -1)
(0 250 702 31 -1)
(0 730 287 31 -1)
(0 466 120 40 -1)
(0 689 72 31 -1)
(0 435 599 31 -1)
(0 707 858 31 -1)
(0 6 785 31 -1)
(0 801 144 31 -1)
(0 548 167 31 -1)
(0 92 662 31 -1)
(0 134 484 31 -1)
(0 710 638 31 -1)
(0 659 485 31 -1)
(0 582 700 31 -1)
(0 932 38 31 -1)
(0 188 164 40 -1)
(0 543 398 31 -1)
(0 679 690 31 -1)
(0 569 925 31 -1)
(0 186 292 31 -1)
(0 330 628 31 -1)
(0 931 722 40 -1)
(0 774 252 40 -1)
(0 488 703 31 -1)
(0 235 854 40 -1)
(0 780 678 31 -1)
(0 801 23 31 -1)
(0 396 612 31 -1)
(0 21 923 40 -1)
(0 89 457 31 -1)
(0 835 221 31 -1)
(0 250 580 40 -1)
(0 118 778 31 -1)
(0 329 74 31 -1)
(0 534 187 31 -1)
(0 310 377 31 -1)
(0 624 19 31 -1)
(0 665 729 31 -1)
(0 904 961 40 -1)
(0 242 203 31 -1)
(0 236 394 40 -1)
(0 374 912 31 -1)
(0 620 887 31 -1)
(0 750 474 31 -1)
(0 480 595 40 -1)
(0 940 925 40 -1)
(0 2 953 31 -1)
(0 868 549 31 -1)
(0 539 295 40 -1)
(0 731 835 40 -1)
(0 734 451 31 -1)
(0 256 851 31 -1)
(0 546 559 31 -1)
(0 517 61 40 -1)
(0 760 779 40 -1)
(0 693 116 31 -1)
(0 766 992 31 -1)
(0 881 669 31 -1)
(0 332 340 31 -1)
(0 425 450 31 -1)
(0 19 604 31 -1)
(0 401 493 31 -1)
(0 222 431 31 -1)
(0 929 509 31 -1)
(0 633 107 31 -1)
(0 713 902 40 -1)
(0 443 587 31 -1)
(0 297 395 31 -1)
(0 668 156 31 -1)
(0 90 796 31 -1)
(0 181 894 31 -1)
(0 965 586 40 -1)
(0 345 106 40 -1)
(0 218 311 31 -1)
(0 400 688 31 -1)
(0 311 375 31 -1)
(0 291 547 31 -1)
(0 768 315 40 -1)
(0 411 454 31 -1)
(0 167 623 31 -1)
(0 610 777 31 -1)
(0 17 325 31 -1)
(0 853 509 31 -1)
(0 680 42 31 -1)
(0 186 462 31 -1)
(0 280 476 31 -1)
(0 703 523 31 -1)
(0 475 133 31 -1)
(0 592 211 31 -1)
(0 864 154 31 -1)
(0 859 947 31 -1)
(0 512 642 40 -1)
(0 301 827 31 -1)
